# Pickle keystone configuration
enabled=1
mesh_enabled=0
corner1=0.500000,0.250000
pin1=0
corner2=1.000000,0.000000
pin2=0
corner3=1.000000,1.000000
pin3=0
corner4=0.500000,1.000000
pin4=0
