# Pickle keystone configuration
enabled=1
mesh_enabled=1
mesh_size=4
corner1=0.270000,0.280000
pin1=0
corner2=0.750000,0.220000
pin2=0
corner3=0.740000,0.830000
pin3=0
corner4=0.250000,0.810000
pin4=0
mesh_0_0=0.000000,0.000000
mesh_0_1=0.333333,0.000000
mesh_0_2=0.666667,0.000000
mesh_0_3=1.000000,0.000000
mesh_1_0=0.000000,0.333333
mesh_1_1=0.333333,0.333333
mesh_1_2=0.666667,0.333333
mesh_1_3=1.000000,0.333333
mesh_2_0=0.000000,0.666667
mesh_2_1=0.333333,0.666667
mesh_2_2=0.666667,0.666667
mesh_2_3=1.000000,0.666667
mesh_3_0=0.000000,1.000000
mesh_3_1=0.333333,1.000000
mesh_3_2=0.666667,1.000000
mesh_3_3=1.000000,1.000000
