# Pickle keystone configuration
enabled=1
mesh_enabled=0
corner1=0.070000,0.100000
pin1=0
corner2=0.430000,0.100000
pin2=0
corner3=0.430000,0.920000
pin3=0
corner4=0.040000,0.890000
pin4=0
