# Pickle keystone configuration
enabled=1
mesh_enabled=1
mesh_size=4
corner1=0.140000,0.300000
pin1=0
corner2=0.670000,0.230000
pin2=0
corner3=0.650000,0.880000
pin3=0
corner4=0.130000,0.870000
pin4=0
border=0
cornermarks=0
mesh_0_0=0.000000,0.030000
mesh_0_1=0.333333,0.000000
mesh_0_2=0.666667,0.000000
mesh_0_3=1.000000,0.000000
mesh_1_0=0.000000,0.333333
mesh_1_1=0.333333,0.333333
mesh_1_2=0.666667,0.333333
mesh_1_3=1.000000,0.333333
mesh_2_0=0.000000,0.666667
mesh_2_1=0.333333,0.666667
mesh_2_2=0.666667,0.666667
mesh_2_3=1.000000,0.666667
mesh_3_0=0.000000,1.000000
mesh_3_1=0.333333,1.000000
mesh_3_2=0.666667,1.000000
mesh_3_3=1.000000,1.000000
