# Pickle keystone configuration
enabled=1
mesh_size=4
corner1=0.100200,0.145820
corner2=0.639950,0.220020
corner3=0.635000,0.659980
corner4=0.080000,0.875000
border=0
cornermarks=0
border_width=5
mesh_0_0=0.000000,0.000000
mesh_0_1=0.333333,0.000000
mesh_0_2=0.666667,0.000000
mesh_0_3=1.000000,0.000000
mesh_1_0=0.000000,0.333333
mesh_1_1=0.333333,0.333333
mesh_1_2=0.666667,0.333333
mesh_1_3=1.000000,0.333333
mesh_2_0=0.000000,0.666667
mesh_2_1=0.333333,0.666667
mesh_2_2=0.666667,0.666667
mesh_2_3=1.000000,0.666667
mesh_3_0=0.000000,1.000000
mesh_3_1=0.333333,1.000000
mesh_3_2=0.666667,1.000000
mesh_3_3=1.000000,1.000000
